4294967294,0
4294967279,63
4294967279,61
4294967279,60
4294967279,561
4294967279,160
4294967279,560
4294967279,158
4294967279,157
4294967279,57
4294967279,155
4294967294,423
4294967279,153
4294967279,56
4294967279,55
4294967279,54
4294967279,52
4294967279,50
4294967279,48
4294967279,47
4294967279,41
4294967279,39
4294967279,36
4294967279,35
4294967279,288
4294967279,528
4294967279,33
4294967279,32
4294967279,31
4294967279,29
4294967279,28
4294967279,25
4294967279,23
4294967279,22
4294967279,20
4294967279,267
4294967279,17
4294967279,16
4294967279,15
4294967279,14
4294967279,12
4294967279,11
4294967279,10
4294967279,152
4294967279,151
4294967279,150
4294967294,50
4294967294,180
4294967294,179
4294967294,920
4294967294,27
4294967294,93
4294967294,95
4294967294,189
4294967294,191
4294967294,188
4294967294,120
4294967294,451
4294967294,443
4294967294,419
4294967294,30
4294967294,164
4294967294,163
4294967294,1
4294967294,115
4294967294,386
4294967294,387
4294967294,165
4294967294,113
4294967294,167
4294967294,176
4294967294,92
4294967294,88
4294967294,12
4294967294,175
4294967294,183
4294967294,173
4294967294,18
4294967294,127
4294967294,14
4294967294,126
4294967294,20
4294967294,13
4294967294,104
4294967294,106
4294967294,166
4294967294,24
4294967294,160
4294967294,168
4294967294,162
4294967294,1413
4294967294,46
4294967279,146
4294967294,11
4294967294,81
4294967294,68
4294967294,5
4294967279,143
4294967279,142
4294967279,139
4294967279,272
4294967279,135
4294967294,36
4294967279,279
4294967294,17
4294967294,39
4294967294,42
4294967294,67
4294967294,99
4294967294,76
4294967294,41
4294967294,436
4294967294,43
4294967294,416
4294967294,51
4294967294,52
4294967294,470
4294967294,471
4294967294,25
4294967294,946
4294967294,26
4294967294,969
4294967294,82
4294967294,1414
4294967294,83
4294967294,6
4294967294,22
4294967278,132
4294967278,131
4294967278,130
4294967278,256
4294967278,129
4294967278,387
4294967278,128
4294967278,127
4294967278,255
4294967278,126
4294967278,125
4294967278,124
4294967278,123
4294967278,122
4294967278,121
4294967278,120
4294967278,119
4294967278,118
4294967278,243
4294967278,117
4294967278,116
4294967278,239
4294967278,115
4294967278,381
4294967278,114
4294967278,113
4294967278,235
4294967278,112
4294967278,111
4294967278,110
4294967278,109
4294967278,108
4294967278,107
4294967278,106
4294967278,221
4294967278,105
4294967278,219
4294967278,104
4294967278,217
4294967278,103
4294967278,102
4294967278,379
4294967278,101
4294967278,100
4294967278,99
4294967278,98
4294967278,97
4294967278,328
4294967278,96
4294967278,95
4294967278,94
4294967278,93
4294967278,92
4294967278,368
4294967278,91
4294967278,367
4294967278,90
4294967278,356
4294967278,89
4294967278,87
4294967278,375
4294967278,86
4294967278,85
4294967278,84
4294967278,83
4294967278,82
4294967278,81
4294967278,80
4294967278,352
4294967278,79
4294967278,322
4294967278,78
4294967278,77
4294967278,385
4294967278,76
4294967278,75
4294967278,74
4294967278,73
4294967278,72
4294967278,71
4294967278,70
4294967278,69
4294967278,68
4294967278,317
4294967278,67
4294967278,66
4294967278,65
4294967278,64
4294967278,63
4294967278,62
4294967278,61
4294967278,260
4294967278,0
4294967278,347
4294967279,84
4294967279,81
4294967279,315
4294967279,79
4294967279,78
4294967279,77
4294967279,76
4294967279,74
4294967279,72
4294967279,0
4294967279,260
4294967279,69
4294967279,68
4294967279,66
4294967279,530
4294967279,64
4294967279,62
4294967279,310
4294967279,59
4294967279,58
4294967279,294
4294967279,53
4294967279,51
4294967279,308
4294967279,49
4294967279,46
4294967279,45
4294967279,44
4294967279,526
4294967279,43
4294967279,42
4294967279,40
4294967279,38
4294967279,37
4294967279,305
4294967279,523
4294967279,34
4294967279,30
4294967279,27
4294967279,26
4294967279,24
4294967279,21
4294967279,19
4294967279,18
4294967279,278
4294967279,520
4294967279,562
4294967279,559
4294967279,299
4294967279,9
4294967279,298
4294967279,8
4294967279,274
4294967279,7
4294967279,6
4294967279,5
4294967279,4
0,5
4294967278,391
4294967294,7
4294967279,13
4294967279,276
95,6
95,5
95,4
95,3
95,2
95,1
4294967279,286
4294967279,572
92,6
92,5
92,4
92,3
92,2
92,1
4294967278,390
4294967278,389
4294967294,1418
89,6
89,5
89,4
89,3
89,2
89,1
4294967279,316
4294967294,1421
4294967294,1420
4294967294,972
86,4
86,3
86,2
86,1
85,4
85,3
85,2
85,1
84,6
84,5
